344 A. C. ENGELBREGT

hij 888 818188 8111881111, hoe (118 8811 (181 geloofwaardigheid 888 (18 81883818
38881118ἀ8818 813118 8811 888 18 818811188 roep 118811 118881311, (1881 (18 8881·-

(1188888 888181811183 888 81188 881 bij (1188 Gauischen brand 888 zijn 881-
18188 383888 , 888 8881· mmmm. 8811 81811 godeeltelijk 18 813188 118811 , (181
1888 81388 methodo vrij oppervlakkig als 81881118 88381181 1188818881, ton
gevolge 888 81588 1818881188 881 881 18 11883 ‘gekleurde uitdrukkingen, 818
hij 888 81118811 888 1181 gedieht van 88881118, 1181 118(1 (181 Τ8188181ὄ18 888.

Μ881 1181 18 (188 118181 8881 8888 88(1818 beschuldiging 18388 nnumin,
dat hij , 18 818(18 888 altijd 81 18 1118188 , 8881 8811 88881188811 811 81388
brein. —— Wij zijn met (18 8111888183 888 (111 1811 reads vooruitgeloopen‚
11818811 11888811188 188(18 duidelijk 388883 8881 (188 (183 188111 811 81588
813888 881381131183 888 888 8888, 8881 hij 888 (118 81188ᾱ88 811181 , 88 888
(18 88818318 8881818(18 8188 (18811115 18 8811 188 3888 , 88 888(188 8811888-
888 achior 18 188888 88181888 8181 hiel-op eenvoudig 18 818388ε 1188(181(18
dan 888188 8181 8888 zon? Bene 8881 18188188118 8811ήῇ18181 8831 ergene:
ik 1881 (18 38881118ᾶ8818 8181, mear ik 188(1 (118. Τ81818811 881 811 8888 (181-
3811518 8118111881 1881 88888 3111818811 1183188188, doch 8811131 bij 881181· 118.
8811888118 haar 883 8181 3811881 88 81818 8888 paradoxo dwaasheid verwerpen.
Μ881 wij 3888 verder. Dat 88881188188 888 888 38881118118811113881 , (118
1888881188118 8881888 1888 888 1811888 81118811, (181 888881188 888 8811818
[11881888 88 1181 some daal-op volgend 811888881188 888 (188811ᾶ8 381181818ῃί8-
888 88 8188188ᾶ13118ᾶ88 88(181 888 38813188881 3811881 881881111188ᾶ 888 (181
888188ᾶ81 men (118 181 883 188 18 1181 8138111888 beschouwde , 818 881 88118
onvoorwaardelijk wrakenP 18 1181 8881 (111 118318881 op 81811 8811, (181 1888
(188 8181 881 1118188 P Ν888 , 81881118 (18 31111138 onwetenschappelijke 888-
88811183 (1881888 88811881 8111881183 , (1881 j 8181 eene degelijke , 11181111818
geschiedenis 88181 8881 (188 (183 188 181888 bij (188 8811115881 , (118 81818
1111811811838 naschrijft, 18881 8881 8138118 8188881388 81388 88188 8118811881.
Want om 11181 8888 (118 18888181 op (188 voorgrond gestelde 88 888 11883
888389188888 onpartijdigheid (188 3888111811881111] 8818 18 1188818188 , 881 be·
1881881 zij eigenlijkP Toch 8181 (181 hij b. 8. 38888 8811818 38181188 81138811
(188 hij werkelijk vindt , 38888 881118888 81 881 dies 18881 zij 881811831
81 bemantelt? 11818818 (118 888 18 8811 3881 8818811 888 8811 818 8181 eerlijk
18811 1181188 8118 88111318 1188811888183, 88 88881818 818 81] , 8881 813888

 

